59.666666666666664
60.0
68.33333333333333
73.33333333333333
35.333333333333336
62.666666666666664
73.33333333333333
71.33333333333333
58.0
56.333333333333336
60.666666666666664
67.33333333333333
73.66666666666667
80.33333333333333
75.0
43.0
81.33333333333333
60.333333333333336
47.666666666666664
49.666666666666664
44.333333333333336
57.0
48.0
37.666666666666664
72.0
71.33333333333333
54.333333333333336
58.666666666666664
77.0
56.333333333333336
68.0
58.0
70.0
63.666666666666664
77.0
55.333333333333336
68.33333333333333
56.0
57.666666666666664
38.0
46.666666666666664
71.66666666666667
55.666666666666664
60.333333333333336
52.0
53.666666666666664
61.666666666666664
57.333333333333336
63.0
67.66666666666667
69.33333333333333
38.0
56.333333333333336
83.0
71.66666666666667
78.0
66.33333333333333
47.666666666666664
64.33333333333333
43.333333333333336
71.66666666666667
65.33333333333333
34.0
61.0
46.666666666666664
85.0
77.33333333333333
41.0
58.333333333333336
37.666666666666664
47.666666666666664
46.0
61.666666666666664
71.33333333333333
69.0
62.0
64.66666666666667
70.66666666666667
65.33333333333333
76.66666666666667
75.0
75.0
68.0
62.666666666666664
84.33333333333333
71.33333333333333
45.0
72.66666666666667
63.666666666666664
74.33333333333333
38.333333333333336
54.0
77.33333333333333
60.333333333333336
55.666666666666664
48.333333333333336
79.0
62.333333333333336
48.0
77.0
63.0
72.33333333333333
43.666666666666664
77.33333333333333
48.333333333333336
89.33333333333333
69.0
47.0
63.666666666666664
77.0
37.333333333333336
63.666666666666664
54.0
50.666666666666664
66.33333333333333
50.333333333333336
50.0
52.666666666666664
53.0
53.0
50.666666666666664
55.0
63.333333333333336
58.333333333333336
41.666666666666664
90.0
57.666666666666664
52.0
76.66666666666667
67.66666666666667
58.333333333333336
56.666666666666664
38.666666666666664
50.0
50.666666666666664
71.33333333333333
67.66666666666667
70.33333333333333
85.66666666666667
48.333333333333336
62.666666666666664
72.0
59.333333333333336
72.0
62.333333333333336
51.333333333333336
68.33333333333333
73.33333333333333
46.0
85.66666666666667
52.666666666666664
54.0
62.666666666666664
63.0
69.0
61.333333333333336
66.0
74.0
40.666666666666664
49.333333333333336
57.0
66.66666666666667
71.0
65.33333333333333
61.0
68.66666666666667
75.66666666666667
83.33333333333333
46.666666666666664
63.333333333333336
63.05294117647059 60.68235294117647 60.77647058823529